3100 2
16.3252 8.5903 13 
25.7897 15.1453 12 
13.7262 18.3699 8 
6.4444 16.2033 31 
22.6801 4.5492 25 
3.896 20.065 5 
13.8596 18.0525 8 
14.7865 22.2086 29 
17.696 11.9414 2 
27.0455 22.5789 24 
14.2368 8.9537 13 
23.0182 8.7858 11 
24.6512 24.9433 4 
11.8287 15.5363 17 
27.1352 18.3906 18 
4.5561 28.4784 20 
19.3313 19.6372 15 
24.9249 13.7607 12 
23.0573 28.5336 7 
5.7222 10.5177 30 
9.301 16.2976 16 
10.8903 24.734 28 
4.2962 20.9275 5 
27.126 20.7527 24 
26.7925 14.2345 12 
5.9269 26.9374 20 
23.2022 16.4287 26 
12.4037 14.4093 17 
12.6337 21.8176 10 
6.7181 17.5971 31 
24.0946 11.9874 27 
12.5187 21.1506 10 
26.0197 10.9317 6 
25.2883 28.0391 23 
16.0101 14.7612 14 
17.9858 11.5067 2 
21.0195 26.505 7 
15.764 8.9169 13 
5.9453 16.7967 31 
8.6892 9.7219 3 
24.7731 6.0925 1 
20.824 27.954 7 
23.2045 7.9647 11 
11.2284 14.6531 17 
11.8816 9.2872 19 
28.2139 18.133 18 
17.259 11.7482 2 
12.8729 18.7103 8 
10.589 14.1379 17 
8.9905 10.8006 3 
15.6789 8.818 13 
16.7277 13.8688 14 
25.4815 27.2479 23 
12.5486 13.9585 17 
25.6862 23.1999 4 
7.691 11.969 3 
16.7875 15.4029 14 
20.7343 19.95 15 
22.2086 5.5221 25 
6.1132 16.1872 31 
25.1434 23.7036 4 
24.297 23.975 4 
18.1008 11.3641 2 
4.8045 21.1989 5 
8.6409 22.4202 21 
14.0344 19.0507 8 
12.9948 20.7136 8 
25.217 7.7531 1 
8.5535 16.5575 16 
26.1554 17.5764 18 
25.4286 6.2834 1 
12.5164 17.8248 8 
15.6007 18.9518 8 
10.9455 14.8854 17 
10.0669 26.0749 28 
5.3588 19.7062 5 
27.0708 10.8144 6 
10.9501 8.6156 19 
6.8768 10.4303 3 
16.0745 14.0022 14 
26.9535 15.5133 12 
16.4126 9.7656 13 
16.6794 8.2844 13 
10.0439 24.3936 28 
16.6104 20.9459 29 
25.7161 5.5152 1 
5.4531 17.4154 31 
4.3422 11.5504 30 
26.3831 29.2351 23 
10.612 25.2032 28 
24.9663 29.15 23 
11.1157 13.2869 17 
23.0826 12.4566 27 
9.5586 16.7967 16 
12.061 8.3465 19 
26.7189 10.2624 6 
8.5351 22.0315 21 
23.8485 28.0069 23 
22.687 10.8949 27 
10.7753 21.7808 10 
27.0386 10.037 6 
13.8021 26.9673 22 
7.2149 16.7944 31 
22.4639 6.6353 11 
9.5563 21.7555 21 
5.5681 21.0333 5 
4.7263 26.3716 20 
27.6688 16.0009 18 
20.8999 27.8873 7 
26.7005 16.9232 18 
4.7447 27.1214 20 
25.7253 6.7296 1 
25.5183 4.8229 1 
28.2346 10.4165 6 
17.1992 12.5969 2 
26.5855 6.8423 1 
16.2631 10.0255 13 
21.8222 27.1835 7 
27.2548 20.8562 24 
23.2781 9.0227 11 
22.8066 27.8321 7 
16.4701 14.0137 14 
19.7798 20.3134 15 
14.2897 16.8427 8 
22.6318 10.7615 27 
11.21 14.2874 17 
20.4836 19.3175 15 
20.847 28.2852 7 
5.7935 10.6005 30 
23.5794 16.8703 26 
13.3881 26.0013 22 
12.8545 19.1473 8 
8.1073 22.1235 21 
23.0159 10.9478 27 
5.6578 9.3424 30 
16.8496 9.5954 13 
23.9842 8.6984 11 
16.7875 16.0653 14 
14.0068 28.3795 22 
12.0587 7.7347 19 
5.7406 15.9641 31 
5.552 15.557 31 
11.0674 24.2165 28 
15.2212 19.0461 8 
11.3825 8.4086 19 
5.5566 20.3778 5 
10.8213 20.6561 10 
15.7525 9.738 13 
9.4114 24.4695 28 
7.829 21.0218 21 
17.9007 14.3127 14 
23.0343 16.7691 26 
23.5541 13.1167 27 
27.2916 11.9713 6 
15.0809 22.6709 29 
16.8197 12.1162 2 
23.7818 8.5259 11 
25.4378 27.5952 23 
8.5949 15.2028 16 
25.2538 5.5681 1 
27.1513 17.236 18 
17.6868 11.4354 2 
11.5458 7.3667 19 
23.8094 12.4106 27 
16.4885 14.683 14 
14.4484 17.7811 8 
9.2527 10.8558 3 
13.9792 17.4729 8 
4.7424 20.41 5 
15.8974 21.4841 29 
13.1466 26.896 22 
25.1963 27.2479 23 
25.3734 21.7762 24 
5.5612 27.6665 20 
12.1461 7.7554 19 
11.8563 25.9346 28 
22.8043 15.4052 26 
11.8402 9.0135 19 
24.2993 28.5497 23 
24.8605 23.4437 4 
5.1058 11.5274 30 
5.4899 10.7086 30 
24.9318 23.8623 4 
21.6635 17.351 26 
27.2686 17.834 18 
16.983 15.7272 14 
18.6137 11.3802 2 
12.1323 20.9252 10 
4.1605 10.0416 30 
8.9215 10.0577 3 
12.1576 8.8249 19 
3.9627 20.8884 5 
5.4899 10.957 30 
22.9814 6.8515 25 
9.2757 14.9061 16 
14.2115 25.9898 22 
24.8536 5.5152 1 
14.016 18.8667 8 
21.8636 27.7746 7 
14.1586 25.5413 22 
12.061 21.4979 10 
10.2716 20.3709 21 
24.6236 5.6877 1 
15.4903 21.3415 29 
10.5706 23.8761 28 
17.6868 25.5206 9 
11.4952 7.8451 19 
7.4679 15.0625 16 
18.0732 25.447 9 
11.3457 8.8111 19 
5.9798 9.3447 30 
16.4425 10.9915 13 
11.4009 8.4086 19 
8.9836 9.7104 3 
24.1866 9.1814 11 
4.8758 20.4468 5 
5.3174 18.8092 5 
26.7212 4.7424 1 
22.8089 7.9923 11 
5.6693 27.0225 20 
21.8682 4.8482 25 
17.4568 14.2759 14 
10.6971 21.5508 10 
25.2446 5.9591 1 
27.8367 22.6226 24 
13.0132 14.1954 17 
24.9962 27.8045 23 
5.2714 9.2826 30 
27.7102 6.2535 1 
21.0655 27.7194 7 
14.5611 26.9167 22 
8.7927 10.0876 3 
13.2501 26.5096 22 
11.5343 21.4036 10 
17.3441 25.9898 9 
9.9197 20.4928 21 
21.7302 26.0588 7 
5.322 19.5705 5 
4.6274 28.9177 20 
15.3546 19.1772 8 
6.1592 21.0908 5 
5.6118 17.3809 31 
6.1086 17.3855 31 
6.1523 18.9058 5 
27.3445 9.3769 6 
26.8776 18.6896 18 
14.5519 21.9878 29 
24.8697 14.6393 12 
21.7187 12.2818 27 
9.4781 20.6239 21 
7.8152 21.4979 21 
17.8294 25.746 9 
15.5179 18.5286 8 
19.6924 24.5293 9 
5.8073 11.3227 30 
16.2079 9.3884 13 
20.5135 19.3405 15 
26.6361 9.784 6 
23.6668 7.5024 25 
15.1246 9.7978 13 
26.0749 22.4961 24 
4.6182 17.7535 31 
5.9775 17.8248 31 
12.1714 15.4052 17 
16.5276 15.1844 14 
20.9988 27.1329 7 
22.9837 15.8974 26 
11.3664 13.7814 17 
13.4203 13.5146 17 
5.1081 27.5147 20 
15.9733 15.7617 14 
26.1347 5.0161 1 
25.1135 22.2385 4 
21.8866 8.9652 11 
7.162 18.1836 31 
9.7564 14.9153 16 
24.0785 15.2833 26 
22.6456 6.702 25 
8.3189 9.0365 3 
22.963 4.5193 25 
24.3798 8.1648 11 
6.2282 10.1543 30 
10.5499 23.9474 28 
12.6935 20.732 10 
24.6075 24.6029 4 
27.1812 16.3298 12 
27.6435 17.9789 18 
26.5165 22.5467 24 
5.5474 10.2233 30 
26.39 13.8021 12 
5.8947 16.2677 31 
17.4959 11.5596 2 
13.7975 21.3392 10 
5.4692 10.0094 30 
26.8638 13.9171 12 
26.0565 17.1831 18 
23.0389 7.1942 11 
13.2593 27.5952 22 
13.4111 21.8889 10 
18.9817 11.6999 2 
9.922 23.7059 28 
25.1825 26.3578 23 
26.0956 10.3751 6 
5.6486 27.2042 20 
20.2628 19.6855 15 
15.0372 9.554 13 
16.1895 9.968 2 
16.3045 10.8765 2 
8.2315 20.9505 21 
9.0802 21.5347 21 
16.6863 13.8642 14 
27.7148 11.1755 6 
26.1577 10.5292 6 
11.6884 15.0119 17 
25.3389 27.8574 23 
7.944 13.0891 16 
13.1903 13.4502 17 
10.0255 23.9773 28 
27.379 17.9076 18 
27.103 21.3277 24 
8.312 21.3484 21 
17.8961 11.8057 2 
4.9724 20.0167 5 
16.3114 14.9521 14 
7.3966 16.1987 16 
9.5839 25.4516 28 
12.774 14.4231 17 
4.7976 9.6897 30 
7.6611 20.5043 21 
25.5045 24.5247 4 
13.1052 19.4624 8 
10.1635 9.1239 3 
16.0216 9.6667 13 
5.7636 10.5085 30 
8.6363 9.8139 3 
4.9218 20.019 5 
13.3398 19.4417 8 
10.9018 9.2573 19 
15.8721 12.8867 14 
23.2436 13.487 27 
9.4528 24.5615 28 
6.3018 15.7893 31 
26.1508 24.5753 4 
24.4005 27.6872 23 
3.9811 10.7615 30 
26.9213 14.5473 12 
5.5888 16.3114 31 
14.0919 26.5947 22 
19.8971 19.3244 15 
5.0966 27.3445 20 
26.9351 21.9096 24 
22.1672 10.8006 27 
26.4084 21.5577 24 
22.1189 15.8284 26 
6.0741 17.696 31 
6.6537 17.0198 31 
8.519 22.8986 28 
25.1618 6.3064 1 
6.9872 17.2383 31 
5.3266 16.6725 31 
25.884 6.3294 1 
14.177 21.3622 29 
15.4696 8.841 13 
27.3146 18.0824 18 
6.6008 27.8275 20 
11.647 9.163 19 
22.4547 6.2811 25 
15.6766 22.2086 29 
24.0394 24.6765 4 
18.0939 26.0542 9 
11.4446 13.0132 17 
21.054 28.5819 7 
21.6589 6.6928 25 
15.7042 22.8664 29 
12.9649 15.1913 17 
10.1796 7.9578 19 
17.8179 25.4447 9 
26.6338 10.1612 6 
15.7502 21.8912 29 
23.0527 5.1702 25 
8.7766 25.2837 28 
16.2516 13.2731 14 
5.0092 11.5159 30 
6.2719 27.4687 20 
18.2365 26.413 9 
25.4332 25.4953 4 
5.0552 18.2365 5 
16.8059 11.1318 2 
12.337 8.2614 19 
21.5853 16.3551 26 
26.7051 10.3406 6 
25.5482 5.7107 1 
5.3013 27.6251 20 
26.3394 23.2551 24 
17.4062 25.9024 9 
18.6896 25.5206 9 
9.002 11.1433 3 
12.2059 21.5899 10 
21.3783 11.8586 27 
21.7509 15.3776 26 
11.4745 7.415 19 
22.3259 7.8635 11 
25.0997 5.8004 1 
8.9514 14.6347 16 
25.7138 28.7935 23 
24.1498 8.7904 11 
27.5423 16.4609 18 
18.8621 25.2055 9 
14.2138 27.5331 22 
8.3005 21.2426 21 
22.9354 15.3661 26 
10.3567 24.3867 28 
23.8324 17.3993 26 
21.997 10.0048 11 
24.412 27.4043 23 
24.7064 24.3476 4 
22.1695 5.7728 25 
4.8965 9.1515 30 
4.9379 27.7424 20 
26.988 9.991 6 
22.5352 5.8878 25 
22.1879 5.8441 25 
26.2612 22.4294 24 
14.729 27.4756 22 
26.8339 21.2219 24 
26.6292 16.3804 12 
4.0708 10.5844 30 
25.263 5.3082 1 
26.1853 14.4668 12 
15.7571 15.258 14 
20.2973 19.053 15 
27.9264 10.7109 6 
9.1722 10.5729 3 
7.8152 15.649 16 
25.7598 10.5614 6 
17.213 14.0137 14 
16.224 15.4374 14 
24.6696 26.8523 23 
5.6233 19.8304 5 
19.7867 20.5963 15 
19.536 20.0581 15 
10.5476 23.6208 28 
6.3455 20.0834 5 
28.1449 16.5598 18 
4.3192 20.1708 5 
4.1076 10.7132 30 
3.8017 10.704 30 
23.7266 26.1094 4 
21.7808 27.8735 7 
16.2838 22.4271 29 
26.7143 9.4712 6 
5.483 11.1111 30 
14.4783 21.7647 29 
21.5025 5.4853 25 
12.0909 15.1476 17 
11.9805 21.1069 10 
12.9235 21.675 10 
27.3376 14.6301 12 
13.3375 19.4164 8 
26.5487 21.4795 24 
9.3125 20.8309 21 
27.6941 23.5265 24 
4.4135 27.2778 20 
19.5567 19.0599 15 
25.9116 14.1609 12 
22.4064 12.5371 27 
27.4181 21.5715 24 
27.0593 21.629 24 
26.3693 14.5795 12 
26.7074 13.8573 12 
17.6546 25.6287 9 
7.231 19.8856 5 
26.1853 23.7795 4 
10.4004 9.9749 3 
26.2865 21.5646 24 
7.9302 14.6876 16 
9.0733 8.9307 3 
23.0619 16.1826 26 
18.0824 27.6665 9 
22.9768 8.2591 11 
21.905 12.4359 27 
13.7538 27.9471 22 
27.6021 18.9288 18 
9.5678 10.5683 3 
25.7759 28.6923 23 
20.8654 20.4491 15 
15.4466 26.4107 22 
25.5827 23.7864 4 
20.7826 20.4997 15 
5.7498 17.0014 31 
19.3934 12.5601 2 
11.5297 14.0528 17 
25.7713 23.0297 24 
24.8214 13.2777 12 
12.958 7.4817 19 
20.2375 20.0328 15 
7.8704 10.957 3 
14.9406 14.5013 14 
11.1111 14.1724 17 
20.3502 19.6694 15 
24.7984 27.4687 23 
27.1099 27.0593 23 
26.3302 28.2829 23 
15.7732 15.3293 14 
25.9852 28.5313 23 
23.2091 8.8939 11 
22.3466 6.1316 25 
24.9111 24.8168 4 
22.0936 6.1063 25 
23.5518 15.8422 26 
24.596 24.458 4 
7.5461 10.7178 3 
24.0831 8.4914 11 
23.262 24.7524 4 
21.2909 27.8873 7 
7.6956 16.2148 16 
26.7074 15.1568 12 
17.144 26.1393 9 
8.8456 11.5619 3 
23.8439 7.8911 11 
9.8829 14.5289 16 
18.0801 26.0887 9 
16.7898 12.2128 2 
22.3558 16.224 26 
14.4737 26.965 22 
25.1917 27.563 23 
5.5911 28.6877 20 
4.3491 20.2697 5 
4.3376 19.7821 5 
6.4237 17.4706 31 
13.1397 14.5427 17 
9.7886 24.5592 28 
17.5948 27.4825 9 
23.2114 8.4109 11 
18.2411 25.0583 9 
12.8315 22.0223 10 
14.9291 23.4138 29 
14.2391 19.5521 8 
27.4963 17.4062 18 
22.9193 4.3583 25 
13.2409 26.8707 22 
24.6581 5.9936 1 
13.4962 26.5947 22 
25.1871 14.5128 12 
6.3869 27.2364 20 
26.8201 18.823 18 
16.615 12.0702 2 
7.3253 9.6644 3 
16.4425 12.935 14 
8.6547 24.757 28 
23.6898 7.2655 11 
26.5441 14.4852 12 
9.6115 15.6651 16 
24.8076 8.2223 11 
4.9632 20.1248 5 
6.1638 19.766 5 
7.3713 15.4029 16 
21.7371 5.3979 25 
15.2695 21.4933 29 
17.2176 14.821 14 
26.9006 21.261 24 
19.0139 25.4539 9 
25.4792 24.1912 4 
14.5887 23.3172 29 
22.5191 11.2744 27 
18.1123 26.5257 9 
17.6132 13.4686 2 
15.7042 22.1419 29 
18.225 24.5891 9 
23.5242 15.2971 26 
5.4209 21.2518 5 
16.0193 25.7368 9 
4.3284 26.9972 20 
11.3526 14.6301 17 
3.9742 10.1819 30 
14.3173 23.2896 29 
17.6224 12.9212 14 
6.8055 9.4459 30 
14.66 9.6989 13 
14.2529 21.6911 29 
21.7325 27.8804 7 
23.3218 22.9584 4 
23.1838 5.7314 1 
9.6828 21.5922 21 
10.2233 13.4893 17 
15.4397 14.7842 14 
26.7143 21.8613 24 
8.5236 14.3472 16 
4.3307 17.2567 31 
19.3635 11.6286 2 
10.083 24.1015 28 
9.8599 24.1199 28 
23.8761 6.3754 25 
28.1817 10.8673 6 
17.1969 14.9521 14 
22.6364 6.8653 25 
5.3542 17.2015 31 
26.344 5.9522 1 
22.0683 12.2864 27 
8.1441 10.8443 3 
16.3804 15.0372 14 
24.8513 24.4856 4 
7.5668 20.5986 21 
7.0493 16.224 31 
8.6639 15.1913 16 
22.5559 16.73 26 
27.1881 21.6888 24 
11.7735 8.1878 19 
21.6175 27.3767 7 
15.1637 19.3704 8 
11.1686 15.5133 17 
20.5227 19.4578 15 
22.3811 15.9434 26 
16.2953 15.2189 14 
15.4719 26.8868 22 
5.4117 19.3405 5 
26.1853 16.1872 12 
27.2571 16.9623 18 
21.7808 12.1047 27 
6.1247 20.088 5 
6.5617 21.4841 21 
24.435 27.8137 23 
24.067 16.6058 26 
4.3192 16.661 31 
26.6821 22.9722 24 
24.2234 7.5461 11 
18.1675 25.7506 9 
19.6211 19.1266 15 
4.954 8.9307 30 
17.1348 10.2601 13 
15.3799 21.3116 29 
9.9197 21.2012 21 
28.4117 18.1192 18 
8.7559 21.7716 21 
5.4968 16.1826 31 
20.8723 28.3082 7 
4.2594 21.0816 5 
25.3021 6.1431 1 
21.6221 12.1691 27 
11.7459 15.166 17 
19.0277 25.9691 9 
7.4564 11.325 3 
12.3002 8.6248 19 
20.2536 19.1036 15 
23.2505 5.1886 25 
10.4142 24.5201 28 
24.2096 16.1205 26 
25.5413 28.3427 23 
11.8333 7.1689 19 
20.0811 19.2301 15 
22.963 11.9 27 
23.8278 12.7579 27 
11.4055 15.5892 17 
26.0795 28.0667 23 
10.842 14.0896 17 
20.3456 19.0553 15 
24.435 24.297 4 
22.6594 16.1504 26 
21.7003 27.2571 7 
25.0491 6.0603 1 
21.8222 10.9639 27 
24.6052 27.655 23 
26.6614 21.4542 24 
12.8131 8.0498 19 
18.0847 25.8288 9 
20.1777 20.0213 15 
4.6596 11.0214 30 
22.8871 16.8542 26 
13.0592 28.0368 22 
14.5887 10.2279 13 
26.873 10.3613 6 
4.1973 20.4997 5 
22.273 11.9322 27 
10.0002 24.0486 28 
27.2617 20.0374 24 
7.8474 21.1046 21 
21.1667 26.5165 7 
9.5103 25.9369 28 
10.474 7.9302 19 
23.5403 6.1569 25 
10.7776 13.8711 17 
15.8629 23.6714 29 
26.4084 12.6866 6 
16.0607 9.1584 13 
14.4208 9.462 13 
21.215 27.4181 7 
11.3572 23.5587 10 
9.7909 9.1561 19 
8.7375 15.1407 16 
27.8689 21.7693 24 
12.6475 21.6497 10 
25.953 8.2131 6 
24.6903 24.0325 4 
9.393 23.239 28 
21.7072 15.4374 26 
27.6136 9.7426 6 
26.4084 15.2212 12 
7.9233 10.4004 3 
17.1233 11.6102 2 
27.0869 9.3033 6 
26.7534 15.6398 12 
21.9648 15.6605 26 
23.0044 11.4331 27 
9.0526 22.1511 21 
10.589 23.8531 28 
22.1718 12.0035 27 
18.3055 25.0169 9 
17.2866 12.2933 2 
25.5252 21.5439 24 
10.3452 24.6535 28 
7.8681 19.4348 21 
7.2103 11.1249 3 
26.1002 19.7499 24 
21.2196 5.7636 25 
26.114 21.3047 24 
22.5835 8.5029 11 
9.4965 21.7003 21 
26.9834 6.633 1 
6.2006 20.1892 5 
4.931 20.0305 5 
11.601 8.9813 19 
8.9307 22.3121 21 
28.1518 10.5453 6 
6.2144 11.6723 30 
15.6881 7.9187 13 
23.4253 17.1509 26 
23.2597 8.3741 11 
15.1844 9.7311 13 
26.39 7.0401 1 
7.7577 9.9749 3 
21.859 4.8827 25 
25.2906 14.9567 12 
15.5547 21.9096 29 
16.6058 14.9912 14 
11.7022 8.289 19 
18.5332 27.0064 9 
4.5676 27.9172 20 
4.5354 15.8491 31 
18.9288 19.2853 15 
4.7309 26.7304 20 
12.4428 21.8636 10 
28.1495 18.156 18 
5.736 16.9991 31 
5.2484 9.4206 30 
4.1329 28.3266 20 
15.6122 11.8816 13 
17.4637 10.8213 2 
24.8766 4.4664 1 
26.6936 8.9675 6 
7.5576 20.1616 21 
17.8363 11.8563 2 
26.7534 14.9383 12 
27.1352 18.9265 18 
13.924 25.2906 22 
26.9259 15.5639 12 
24.4856 23.6553 4 
22.6249 15.419 26 
8.3672 14.8762 16 
25.8035 6.1937 1 
13.0983 25.2354 22 
4.1237 10.2187 30 
8.8318 21.6129 21 
25.2814 7.5461 1 
18.3607 11.8287 2 
17.4453 9.8668 2 
19.6993 27.8827 7 
8.2913 9.4229 3 
22.5674 13.0707 27 
7.1482 27.9724 20 
10.7822 23.3402 28 
5.5198 10.1681 30 
7.9118 9.0848 3 
5.0552 18.5217 31 
4.9034 26.8017 20 
6.2075 15.6697 31 
27.6389 14.4967 12 
5.0621 20.1478 5 
17.7558 26.0266 9 
22.7606 5.9407 25 
22.3029 27.54 7 
6.0511 16.1021 31 
4.0662 9.8415 30 
13.4088 27.1513 22 
4.7033 9.3608 30 
15.8008 14.2437 14 
17.2797 14.9268 14 
11.1502 8.1924 19 
10.2026 24.1153 28 
4.7723 19.8373 5 
24.7938 28.7429 23 
28.0069 17.9053 18 
15.442 8.0222 13 
17.0106 21.8383 29 
22.8572 7.9302 11 
24.7616 26.4866 23 
6.7388 17.2337 31 
25.7506 27.0731 23 
8.6869 11.0007 3 
15.9503 13.7331 14 
24.2441 23.6231 4 
27.3537 21.5945 24 
26.1462 15.0786 12 
23.4713 17.6132 26 
26.1646 15.9687 18 
8.6271 11.8379 3 
26.3371 18.1192 18 
16.4356 23.4874 29 
22.7215 11.1134 27 
10.0784 21.9855 10 
9.5563 14.9061 16 
14.4806 27.5561 22 
18.2365 11.7666 2 
6.3156 26.7856 20 
14.1632 18.7816 8 
5.2737 27.8206 20 
24.6696 8.2039 11 
6.3317 27.4365 20 
16.1826 8.8962 13 
4.908 29.2995 20 
6.0442 17.0934 31 
12.0771 13.7607 17 
15.9641 15.0694 14 
9.2941 15.143 16 
11.6631 22.4685 10 
22.2132 4.6412 25 
10.9041 24.0095 28 
21.8107 27.333 7 
5.9936 17.7029 31 
6.1845 27.9356 20 
28.6486 16.5667 18 
24.8007 24.5017 4 
11.7919 8.0613 19 
4.8643 16.0814 31 
4.3376 27.3077 20 
7.898 10.2049 3 
27.1076 22.365 24 
10.5315 24.9571 28 
12.7326 22.1971 10 
7.2816 10.2831 3 
22.7721 8.151 11 
21.7624 26.5832 7 
4.6527 9.4068 30 
9.393 9.4735 3 
26.5119 27.8436 23 
17.7512 26.7902 9 
8.3557 10.152 3 
25.4723 22.5513 24 
12.6613 26.5349 22 
15.1292 23.0343 29 
8.5834 21.8636 21 
12.0403 7.8911 19 
10.175 25.1779 28 
7.5139 13.8044 16 
25.4401 24.4189 4 
11.4009 23.9819 28 
26.7212 21.008 24 
14.7658 8.7237 13 
26.252 18.4389 18 
15.2649 8.2131 13 
22.5674 4.7677 25 
25.3136 28.0115 23 
22.6686 11.7321 27 
21.1161 19.5544 15 
17.3027 13.6388 14 
24.0555 16.5621 26 
26.3578 21.6359 24 
24.8996 24.5868 4 
27.0248 17.4913 18 
2.907 20.5641 5 
5.069 10.8397 30 
13.7423 25.1411 22 
11.3733 8.2315 19 
27.8781 16.7806 18 
24.6397 24.251 4 
6.3202 27.3445 20 
13.4709 27.3031 22 
26.0772 24.9088 4 
5.5474 10.2647 30 
11.7551 23.9796 28 
6.0695 9.669 3 
27.9862 17.3602 18 
27.126 6.1109 1 
24.1222 24.6926 4 
17.811 11.4768 2 
17.7328 11.6562 2 
5.8694 20.3709 5 
9.0825 22.5605 21 
22.9147 7.8152 11 
25.3274 5.6463 1 
6.173 19.3359 5 
24.3752 24.4787 4 
16.2148 8.3258 13 
5.5704 19.4716 5 
20.4077 27.678 7 
26.9604 14.8486 12 
26.7166 17.5143 18 
20.2789 18.6068 15 
25.5321 10.566 6 
16.1527 14.1218 14 
6.2673 18.7494 5 
22.6157 11.8517 27 
28.0805 10.5315 6 
24.435 8.5811 11 
4.4457 27.3008 20 
22.2523 7.599 11 
14.3426 19.7062 8 
24.5914 25.5781 4 
23.4483 12.1691 27 
11.1111 20.8286 10 
21.6405 28.5359 7 
16.5575 11.3388 2 
15.603 16.9301 8 
4.7286 19.2761 5 
22.8963 11.7505 27 
8.8732 15.2258 16 
21.9142 15.9963 26 
15.7318 22.4915 29 
15.5823 13.8297 14 
5.9821 9.4137 30 
27.3514 20.5894 24 
9.6874 15.4236 16 
9.5724 15.8836 16 
19.7476 19.1013 15 
25.8886 14.1954 12 
26.9282 18.1146 18 
12.8177 14.7014 17 
24.0049 23.9129 4 
12.4382 22.0959 10 
5.0828 17.7834 31 
5.2829 10.1911 30 
24.6972 24.5523 4 
15.3822 21.7624 29 
17.627 26.6982 9 
9.2113 21.9556 21 
15.3408 19.3888 8 
5.3473 20.3893 5 
23.1654 15.2948 26 
13.1742 27.0156 22 
13.9447 17.88 8 
15.6766 22.3811 29 
26.6476 9.2412 6 
20.9275 26.0404 7 
18.5171 9.876 2 
8.818 15.4029 16 
21.0908 26.436 7 
23.2137 12.5578 27 
14.6738 27.7746 22 
24.0233 13.2179 27 
20.686 27.7884 7 
8.8134 21.1 21 
11.3963 7.5185 19 
10.9892 13.0615 17 
8.6294 23.0297 21 
18.5194 24.7731 9 
5.2599 27.9471 20 
13.8136 25.9277 22 
9.0756 9.3723 3 
21.1115 27.2065 7 
26.6085 18.4205 18 
11.3641 7.0999 19 
22.9492 14.7543 26 
22.2247 5.6302 25 
22.9032 11.5274 27 
12.7027 19.559 10 
4.9885 10.6557 30 
22.5007 8.2476 11 
21.2633 19.6096 15 
25.3711 28.2898 23 
17.5396 11.4791 2 
25.3872 15.6628 12 
12.8085 26.574 22 
17.4867 10.6626 2 
19.8833 18.8529 15 
15.5156 14.8808 14 
4.793 20.364 5 
19.5682 19.881 15 
18.0709 24.9502 9 
27.0478 10.4809 6 
14.4737 25.5712 22 
24.0279 9.853 11 
8.0774 10.6695 3 
23.0205 5.2093 25 
10.4303 23.4759 28 
8.9514 11.0628 3 
6.0672 15.9986 31 
24.3039 15.4903 26 
21.3392 5.7406 25 
5.8418 27.4595 20 
13.1972 19.4509 8 
24.7915 6.2627 1 
11.9851 9.6345 19 
25.6632 23.9773 4 
10.1681 9.0802 3 
5.7406 22.066 5 
12.1553 14.4047 17 
18.0272 11.9621 2 
22.802 27.3836 7 
18.2158 26.4751 9 
8.519 14.9751 16 
23.1976 9.5678 11 
15.2534 20.9712 29 
3.9788 10.2233 30 
24.665 23.239 4 
27.3445 6.4697 1 
12.0426 21.215 10 
5.7935 17.8478 31 
7.0953 11.1433 3 
26.9052 9.0319 6 
22.8963 16.2585 26 
18.3837 24.6167 9 
8.9583 20.3226 21 
13.073 21.5301 10 
12.222 21.5393 10 
7.9095 9.0066 3 
25.4102 14.637 12 
26.6223 10.2762 6 
25.2262 27.5193 23 
7.5645 15.9089 16 
27.1697 22.112 24 
17.3694 11.5596 2 
18.1606 12.5486 2 
26.9581 22.4662 24 
22.5398 8.1211 11 
21.9717 27.4342 7 
27.0179 9.6023 6 
13.8918 9.2987 13 
5.7406 21.3898 5 
23.1332 16.3298 26 
5.3565 27.1145 20 
21.1322 19.8557 15 
7.2701 20.0558 5 
24.9341 28.2507 23 
26.0588 21.1207 24 
7.0815 10.4993 3 
23.7496 8.8893 11 
5.8993 16.5437 31 
11.6631 8.2039 19 
5.897 10.2325 30 
23.1539 11.417 27 
10.0117 24.0394 28 
26.9972 17.1831 18 
4.149 27.2985 20 
22.3581 11.6424 27 
20.3709 10.9524 27 
15.5846 22.5053 29 
25.1204 4.6504 1 
10.1796 24.6857 28 
5.8533 16.4103 31 
9.5333 15.4627 16 
18.0479 26.1669 9 
23.3931 15.9549 26 
16.224 8.9514 13 
22.7951 15.5386 26 
4.816 17.0037 31 
23.0596 16.2585 26 
8.4983 16.224 16 
12.6291 20.134 8 
16.5713 15.2764 14 
21.5692 4.5561 25 
26.5694 9.2274 6 
9.6368 8.1947 19 
26.1807 14.8026 12 
20.3364 27.0018 7 
5.0644 27.5676 20 
5.4048 27.8114 20 
11.9713 8.1694 19 
24.228 27.1076 23 
14.9521 20.41 8 
26.0634 27.0685 23 
25.5712 27.3077 23 
3.9719 19.8787 5 
26.9926 17.1923 18 
24.3407 23.5886 4 
12.7142 21.1782 10 
25.8081 9.4574 6 
15.7479 22.6985 29 
25.539 6.3777 1 
25.7115 10.0508 6 
20.6607 26.7902 7 
23.0343 8.6892 11 
16.914 26.6821 22 
23.5127 8.1073 11 
24.6972 24.4442 4 
11.1341 21.0655 10 
5.1334 20.7734 5 
6.2535 16.4954 31 
26.8891 21.9648 24 
15.5938 15.0487 14 
8.8042 22.2707 21 
13.4801 21.077 10 
22.0867 12.5348 27 
10.451 6.84 19 
12.5118 8.933 19 
14.6692 20.8608 29 
4.8735 9.8599 30 
26.2612 22.6134 24 
15.6421 8.8663 13 
24.2947 13.4318 12 
18.0134 26.6706 9 
21.8383 16.1688 26 
24.0325 26.4337 23 
6.3616 27.5584 20 
12.36 20.5779 10 
20.0857 6.1937 25 
16.3206 12.0679 2 
5.8924 28.2116 20 
20.6354 29.7871 7 
5.115 19.7499 5 
25.2538 5.5727 1 
26.2543 10.3314 6 
27.7056 18.7379 18 
10.98 8.9146 19 
8.6409 15.9135 16 
24.9088 24.9295 4 
5.1311 16.6817 31 
19.3727 19.5659 15 
4.8574 9.7219 30 
25.2814 14.2299 12 
12.222 14.6623 17 
11.7436 13.8964 17 
24.1268 7.8175 11 
27.5768 21.5899 24 
14.66 22.2569 29 
14.8716 17.9076 8 
9.485 22.9354 28 
15.6467 21.1575 29 
5.4508 15.3776 31 
22.2569 5.9798 25 
18.3653 12.0633 2 
25.8794 15.0211 12 
4.8344 27.0524 20 
22.2569 5.8441 25 
22.917 11.1272 27 
17.3694 25.1043 9 
4.3652 25.9622 20 
26.0105 6.8377 1 
13.2639 21.6405 10 
18.7908 10.497 2 
14.0482 17.926 8 
15.3132 22.3558 29 
25.6701 10.9225 6 
25.9323 14.8486 12 
21.9602 8.3764 11 
25.4447 24.0049 4 
11.2836 13.8159 17 
27.0662 16.6311 18 
23.3448 16.4908 26 
11.1134 22.0821 10 
17.3625 12.0035 2 
15.603 16.1619 14 
16.0745 18.1054 8 
26.3831 10.3038 6 
15.8905 21.1069 29 
14.9314 22.181 29 
27.0432 9.6 6 
13.2685 22.1925 10 
15.5984 9.8553 13 
4.7999 28.368 20 
25.9622 27.0064 23 
17.0842 25.424 9 
5.4669 17.7489 31 
12.6245 19.3405 8 
22.7652 12.7142 27 
27.0823 10.0876 6 
11.4745 13.1673 17 
6.3455 16.8772 31 
23.0228 11.9667 27 
13.2087 22.2408 10 
22.7514 11.2008 27 
22.4754 15.3063 26 
5.7613 19.5889 5 
14.9153 18.1008 8 
17.6339 10.8144 2 
14.8532 8.9238 13 
27.3169 9.117 6 
17.7328 11.21 2 
21.5485 26.9213 7 
13.6825 26.7695 22 
20.732 26.7557 7 
18.4366 26.9558 9 
4.862 17.1118 31 
8.611 21.5255 21 
21.767 6.2696 25 
22.9837 6.2075 25 
12.2404 21.2472 10 
3.7488 26.0611 20 
22.3903 6.3869 25 
7.1666 20.1018 21 
5.7912 19.7499 5 
14.8854 26.9443 22 
16.0722 9.0227 13 
26.9098 8.2798 6 
14.7359 27.5722 22 
11.5987 20.8263 10 
24.5385 29.7963 23 
11.6309 22.4708 10 
25.2216 27.1743 23 
24.9548 28.7107 23 
13.9953 26.8615 22 
21.1322 20.8033 15 
5.3013 20.2444 5 
5.7383 27.8551 20 
23.354 7.7577 11 
26.1255 13.8918 12 
17.2038 11.7689 2 
17.2015 20.7826 29 
8.4592 10.3337 3 
14.7221 19.1864 8 
17.4982 11.9552 2 
23.2114 7.967 11 
6.5525 26.9374 20 
11.1939 21.2656 10 
26.4015 24.6006 4 
13.8458 19.3543 8 
5.4462 29.2742 20 
15.4742 21.9694 29 
26.4958 5.9039 1 
15.2143 10.0071 13 
26.2014 13.4732 12 
22.6617 6.4421 25 
24.136 28.4922 23 
5.5083 27.6642 20 
22.9423 17.213 26 
25.3412 13.9631 12 
13.2317 27.8551 22 
21.974 27.2042 7 
26.6522 14.2115 12 
13.8136 9.5655 13 
25.2492 5.6486 1 
23.3586 9.9243 11 
22.5214 15.9871 26 
14.5588 14.4001 14 
20.939 20.893 15 
11.946 15.0188 17 
8.9813 9.7127 3 
4.6458 27.6711 20 
21.5117 27.9517 7 
25.5804 15.4167 26 
8.8088 16.1159 16 
11.6907 14.4438 17 
16.4287 8.9169 13 
18.1491 25.7253 9 
5.8924 10.6465 30 
11.5481 8.8617 19 
14.1379 18.9909 8 
11.5343 19.5636 10 
22.5421 9.6506 11 
27.6159 22.319 24 
20.203 19.9592 15 
15.2557 21.2265 29 
26.4383 15.0418 12 
25.5436 5.9844 1 
20.6377 19.3934 15 
22.9906 18.3239 26 
7.5277 10.6994 3 
9.1515 10.796 3 
23.078 16.0699 26 
23.8393 24.3154 4 
24.1498 24.6788 4 
16.2171 14.9958 14 
16.4931 9.3056 13 
8.0636 11.1088 3 
9.4413 23.055 21 
8.8663 20.6929 21 
26.6292 22.1626 24 
16.638 12.9649 2 
13.7515 19.0875 8 
21.5071 5.0897 25 
27.6504 17.1762 18 
22.963 15.9802 26 
5.0644 17.5649 31 
15.8629 14.7635 14 
20.8608 19.1979 15 
8.9215 21.2863 21 
5.0253 18.156 31 
24.8191 24.9778 4 
9.5333 24.8697 28 
23.5656 8.7375 11 
5.9223 16.9899 31 
22.2891 11.9874 27 
27.1168 5.6946 1 
27.7976 18.2917 18 
5.5382 27.3008 20 
25.7184 22.4915 24 
9.2573 22.0246 21 
10.4441 24.0785 28 
26.4843 23.7105 4 
15.3638 8.9238 13 
12.1967 9.3677 19 
11.3135 9.2159 19 
7.2126 15.488 16 
15.9756 10.1865 13 
6.3662 9.4045 30 
8.7191 15.7939 16 
20.3525 21.1966 15 
4.8482 9.3102 30 
25.2722 24.7708 4 
25.5114 28.9407 23 
10.681 23.3356 28 
9.1814 25.3895 28 
23.3609 5.6601 1 
4.3974 10.3866 30 
11.9345 8.4362 19 
26.2566 21.8889 24 
6.2673 10.819 30 
27.1421 21.7877 24 
24.1475 16.7208 26 
9.5563 15.6927 16 
16.9853 25.3918 9 
21.7785 26.712 7 
25.8748 6.5456 1 
15.9388 15.1913 14 
26.7626 9.6253 6 
24.7248 24.1107 4 
20.8608 18.4711 15 
21.8153 6.0718 25 
21.8475 6.7549 25 
21.6014 20.4905 15 
13.3927 17.2521 8 
21.3024 17.2314 26 
8.7904 14.4208 16 
16.9692 14.7612 14 
8.5098 22.0315 21 
14.0689 19.4233 8 
4.7677 28.5727 20 
21.7693 16.2194 26 
23.9175 12.9258 27 
26.8224 22.4156 24 
9.0089 10.3958 3 
12.774 21.7049 10 
5.7659 28.1978 20 
18.1054 25.9783 9 
24.849 27.5837 23 
11.0927 21.9234 10 
16.5023 25.2423 9 
29.2926 17.4614 18 
4.2916 9.1492 30 
24.9433 24.0003 4 
21.2449 20.0374 15 
8.9491 9.7863 3 
20.7734 29.3754 7 
8.5627 15.3339 16 
16.7116 26.2106 9 
9.7472 24.2947 28 
12.9097 19.2071 8 
15.2465 22.1695 29 
5.8441 17.3993 31 
7.7508 10.9478 3 
27.2663 11.4952 6 
7.6611 10.7592 3 
21.6037 28.2461 7 
21.1506 27.5722 7 
17.466 10.4234 2 
4.6987 19.5751 5 
11.8103 8.2269 19 
14.2092 26.1485 22 
7.7416 15.3707 16 
27.6596 16.8726 18 
26.9995 17.3234 18 
14.3587 26.0542 22 
16.1067 14.4208 14 
9.4459 21.9257 21 
14.6485 21.1368 29 
26.321 10.5407 6 
20.64 17.1739 26 
21.5761 7.8773 11 
8.2315 20.6768 21 
22.963 14.8923 26 
27.2824 17.1394 18 
25.6931 15.4443 12 
9.508 23.8439 28 
12.452 20.4767 10 
14.637 19.6464 8 
11.4078 9.1285 19 
15.0924 15.9894 14 
10.7546 8.1694 19 
14.5887 17.9467 8 
15.9871 9.8139 13 
27.0846 17.075 18 
25.4838 4.9333 1 
9.6506 15.5685 16 
13.5468 18.8805 8 
7.8704 16.086 16 
12.0909 7.6795 19 
14.7842 18.2319 8 
26.8615 10.3245 6 
8.2959 15.6973 16 
14.9406 27.6757 22 
25.6701 27.126 23 
15.373 19.4371 8 
26.919 16.27 18 
10.7155 23.0527 28 
19.7775 18.8828 15 
9.2343 21.4611 21 
18.7793 25.0997 9 
5.7084 15.7893 31 
13.3099 21.0333 10 
22.3719 11.7413 27 
5.7935 17.4499 31 
11.9989 13.6756 17 
18.5378 11.6516 2 
14.5059 27.3077 22 
14.6002 18.57 8 
26.0887 15.8997 12 
8.8456 10.3866 3 
14.4254 27.8022 22 
4.0271 27.2755 20 
18.3883 10.0025 2 
17.6293 11.3503 2 
11.9575 14.5289 17 
5.276 17.2475 31 
18.6574 26.4521 9 
5.0092 27.1651 20 
26.6614 15.7088 12 
22.2454 5.8211 25 
22.9193 16.4195 26 
10.3452 24.2947 28 
12.4152 9.8875 19 
5.3013 19.4233 5 
10.1796 8.45 19 
7.8175 8.6938 3 
22.7675 17.949 26 
24.1406 8.5305 11 
26.8224 5.667 1 
12.0081 16.1136 17 
22.0982 6.0925 25 
21.9257 5.4048 25 
11.003 24.2372 28 
16.7277 11.6654 2 
18.2894 26.7166 9 
9.4712 24.7915 28 
27.7263 22.5467 24 
21.9556 16.0653 26 
13.4686 18.892 8 
21.7325 26.5901 7 
15.1706 21.7762 29 
5.6762 27.3238 20 
13.4686 26.9489 22 
15.0901 21.3346 29 
16.9048 13.8964 14 
15.9181 11.4124 2 
16.7139 11.5849 2 
24.9709 23.9796 4 
11.6447 15.5271 17 
12.912 13.878 17 
22.6203 8.9169 11 
24.8858 14.3196 12 
26.9282 11.3917 6 
23.0297 8.5075 11 
22.3903 11.2629 27 
19.6832 18.3515 15 
23.2321 17.7926 26 
15.9595 10.0186 13 
23.745 9.0848 11 
5.552 9.715 30 
15.9986 22.802 29 
7.2448 15.0096 16 
7.8267 15.81 16 
23.7933 8.2821 11 
15.7824 8.5811 13 
25.4217 7.3138 1 
26.6959 21.6589 24 
18.6275 25.3826 9 
13.9378 18.6275 8 
4.5998 26.3762 20 
11.9966 13.7446 17 
27.0179 10.6166 6 
25.8058 10.635 6 
23.4529 9.1998 11 
20.5273 28.253 7 
11.6539 22.1971 10 
26.7925 21.3829 24 
23.9244 9.163 11 
25.1411 27.0064 23 
15.0004 9.1791 13 
25.3596 14.2069 12 
20.7044 27.4411 7 
26.712 24.5224 4 
5.4255 11.8103 30 
26.6752 22.0959 24 
11.0536 8.289 19 
9.1515 15.5616 16 
22.1695 5.3703 25 
10.6741 14.2184 17 
9.3999 23.6622 28 
17.3924 20.8516 29 
20.9597 18.4619 15 
5.4991 9.5954 30 
22.7146 12.0081 27 
14.2368 26.9742 22 
11.3664 23.8531 28 
5.6808 27.9379 20 
24.8996 27.3928 23 
6.0419 17.3625 31 
14.8601 22.2891 29 
10.2141 7.4058 19 
20.3502 20.0949 15 
25.9944 23.9796 4 
25.2308 25.3205 4 
13.8297 18.9058 8 
27.793 22.5352 24 
17.7305 25.3803 9 
24.389 8.8042 11 
11.4009 13.6963 17 
9.3125 15.3592 16 
5.0345 27.6366 20 
8.8203 25.0905 28 
27.5124 17.0313 18 
21.8153 5.2323 25 
22.9216 11.6309 27 
11.164 21.974 10 
16.6334 13.4295 14 
5.3105 18.5033 5 
13.05 18.2342 8 
23.1953 15.7824 26 
16.0653 22.5444 29 
14.4116 9.485 13 
12.8844 22.0706 10 
23.009 16.7116 26 
5.4416 18.4987 31 
19.9339 27.9149 7 
14.6485 18.7724 8 
23.2321 15.0257 26 
10.5752 8.5903 19 
22.9791 11.5803 27 
14.7934 23.147 29 
9.6023 9.0526 3 
14.9958 21.8866 29 
11.2169 22.2454 10 
23.3149 17.0014 26 
26.6959 10.2394 6 
18.6298 19.8051 15 
8.4569 21.3185 21 
15.8169 21.7762 29 
15.5892 10.2141 13 
21.1575 4.8804 25 
9.2458 24.849 28 
26.2175 21.5738 24 
10.5384 8.1648 19 
22.2224 8.2131 11 
24.8329 16.0377 12 
5.4393 19.6602 5 
11.6056 14.66 17 
14.3081 17.9881 8 
17.7742 26.4429 9 
15.5409 9.347 13 
27.402 10.9087 6 
7.9969 10.7063 3 
27.2525 21.8613 24 
27.8942 16.9209 18 
15.4949 15.3385 14 
22.4248 7.6542 11 
23.4437 24.0555 4 
18.1445 26.0887 9 
10.7523 25.4355 28 
14.5818 23.2758 29 
5.5566 11.1801 30 
26.9811 10.2969 6 
9.7679 25.0077 28 
18.4803 12.0955 2 
19.9178 19.4279 15 
23.2758 8.703 11 
18.2963 25.3826 9 
8.9445 14.683 16 
6.5939 28.1771 20 
6.3248 19.9684 5 
8.6823 9.0986 3 
4.3905 27.8252 20 
8.7674 15.2534 16 
17.1187 10.4602 13 
12.4819 13.6871 17 
8.772 20.778 21 
22.5835 26.4222 7 
26.5924 6.0925 1 
11.0099 24.4534 28 
4.6251 27.8045 20 
8.588 11.0329 3 
16.799 15.6168 14 
14.6324 8.5857 13 
23.8945 24.9916 4 
15.0648 18.6689 8 
11.555 25.0399 28 
27.1375 10.9432 6 
22.5007 5.3381 25 
25.9944 16.6863 18 
22.825 16.4954 26 
23.1792 11.1111 27 
4.8781 9.5425 30 
17.8984 9.945 2 
10.4579 13.5376 17 
20.9758 19.0944 15 
6.1891 18.1169 31 
14.9406 22.526 29 
22.0706 16.063 26 
6.0304 20.1501 5 
5.1196 10.2118 30 
27.7378 16.9278 18 
23.5426 8.8778 11 
27.4549 17.4959 18 
26.7051 20.7803 24 
24.0509 9.324 11 
16.661 25.447 9 
14.9314 7.9095 13 
25.953 26.1692 4 
5.8004 15.4972 31 
26.2635 28.6946 23 
15.1729 22.8503 29 
8.6938 21.0011 21 
5.3864 20.8355 5 
10.2762 24.4235 28 
26.6453 15.3546 12 
12.1921 14.6209 17 
25.4562 6.702 1 
26.6614 7.3414 1 
26.8707 10.3475 6 
15.3293 8.6685 13 
5.8901 16.9393 31 
6.5709 20.4031 5 
6.1155 16.8772 31 
10.9478 15.9388 17 
7.7094 14.637 16 
12.8292 22.986 10 
14.2713 18.0893 8 
9.3608 20.9551 21 
23.2712 16.3643 26 
10.4579 9.0204 19 
5.5359 20.801 5 
22.4432 4.0892 25 
24.8536 24.9525 4 
22.6893 9.2136 11 
27.3238 20.5319 24 
21.2725 4.5607 25 
11.9161 8.2246 19 
20.9919 20.5618 15 
27.0478 17.8271 18 
16.3528 9.8783 13 
6.1661 21.6704 5 
5.989 26.2382 20 
11.4699 6.8929 19 
12.0472 20.6377 10 
5.1173 16.7461 31 
5.7061 19.214 5 
6.1983 27.103 20 
13.2386 19.5958 8 
15.1476 26.3417 22 
12.4152 19.2209 8 
11.0214 21.6589 10 
16.5943 15.511 14 
16.96 10.6373 2 
10.9892 9.5747 19 
27.2111 18.6896 18 
9.4597 21.0471 21 
9.3102 11.6539 3 
25.7943 28.4807 23 
25.7943 13.947 12 
9.6069 25.0698 28 
24.3499 25.1388 4 
15.5018 20.7596 29 
14.062 18.7701 8 
14.9613 21.2081 29 
16.6817 26.1117 9 
14.6002 21.8406 29 
25.8311 15.5202 12 
25.4815 29.3616 23 
25.1687 29.1247 23 
8.8341 15.0855 16 
16.1251 10.6649 2 
14.5289 26.5602 22 
26.229 22.0982 24 
26.8891 17.0428 18 
5.5773 9.5034 30 
26.1485 10.6166 6 
26.6246 18.0847 18 
5.368 17.5005 31 
21.0402 19.1887 15 
24.6535 23.0642 4 
11.3595 14.3817 17 
26.5533 15.0418 12 
17.7995 14.1218 14 
10.5476 14.0666 17 
14.1678 26.0542 22 
22.1557 11.4308 27 
23.9842 23.3839 4 
5.5244 20.4353 5 
25.999 4.8551 1 
13.0753 28.7199 22 
14.1425 19.4003 8 
20.7251 19.5429 15 
10.5982 24.7616 28 
24.3039 4.8827 1 
16.4931 14.2437 14 
23.2459 11.8011 27 
20.2375 19.3405 15 
17.2061 24.5753 9 
11.3319 8.0452 19 
5.4761 16.9186 31 
5.6279 16.5667 31 
16.3206 16.1596 14 
27.7447 10.9708 6 
24.8375 5.4416 1 
24.9571 15.0303 12 
10.2693 8.289 19 
25.0514 5.7475 1 
12.9074 15.7755 17 
15.2051 14.039 14 
25.6862 27.7378 23 
6.1109 10.6695 30 
26.7051 23.3057 24 
11.946 6.8607 19 
9.3378 15.5018 16 
22.227 15.028 26 
17.4798 26.3969 9 
27.0961 17.3671 18 
25.1089 16.9025 12 
6.9688 27.563 20 
21.8958 8.9905 11 
15.4765 14.0505 14 
14.5634 7.2057 13 
22.3213 9.0112 11 
13.5422 20.5457 10 
24.6328 5.3473 1 
25.5597 26.9328 23 
24.6098 24.7087 4 
22.8572 9.1607 11 
12.2312 8.1809 19 
10.5844 23.7749 28 
11.1571 9.8783 19 
17.1141 9.7311 13 
26.1899 28.0414 23 
21.3576 6.4306 25 
8.151 21.7072 21 
27.0064 18.179 18 
10.474 8.588 19 
8.8157 16.1021 16 
13.1995 16.9186 8 
11.1778 14.1839 17 
22.4984 11.9575 27 
16.6196 13.7768 14 
25.0997 29.0787 23 
4.3629 28.2208 20 
18.5378 25.5252 9 
10.5108 14.9912 16 
24.2119 8.6156 11 
27.5216 16.5345 18 
22.3282 7.99 11 
9.9289 24.7915 28 
4.8827 10.2486 30 
21.8406 7.001 25 
23.1332 8.1395 11 
26.7718 10.267 6 
5.2001 28.046 20 
21.3369 19.7177 15 
15.2695 18.8069 8 
15.5731 21.2449 29 
26.5073 14.9268 12 
11.0766 9.025 19 
26.0542 23.1378 24 
8.1648 10.3061 3 
25.7598 9.3907 6 
21.6083 7.2655 11 
26.275 5.5888 1 
21.7394 10.7822 27 
16.1918 21.468 29 
20.4813 19.0162 15 
11.1088 21.5784 10 
10.4395 14.5565 17 
28.1196 18.2365 18 
25.4171 27.1099 23 
7.0608 16.086 31 
25.8058 17.2751 18 
8.1809 15.7571 16 
4.3951 20.1363 5 
17.466 15.1936 14 
27.1007 14.5243 12 
13.9792 18.8575 8 
25.3021 24.5201 4 
9.1745 14.7888 16 
27.0202 20.6561 24 
21.9188 9.7058 11 
10.9225 15.0993 17 
9.2596 24.2211 28 
8.5029 9.1791 3 
6.7802 16.983 31 
27.149 14.3058 12 
13.3536 26.3026 22 
12.3807 13.5951 17 
9.8484 23.8393 28 
4.701 9.1423 30 
16.8105 21.8291 29 
13.924 19.3888 8 
5.5819 9.9933 30 
9.0825 22.135 28 
14.1885 27.6826 22 
26.7488 22.7054 24 
24.5891 27.4296 23 
5.0115 10.3981 30 
17.5212 11.8747 2 
17.512 26.0036 9 
19.0139 26.4222 9 
23.0274 15.833 26 
26.3118 16.2907 18 
21.3346 20.3134 15 
15.8008 21.5738 29 
11.5665 8.9905 19 
22.8572 16.2033 26 
22.7491 16.6909 26 
4.5929 8.9054 30 
4.701 9.8783 30 
9.1837 9.8484 3 
16.7714 11.3871 2 
14.6623 21.3277 29 
25.4194 14.4622 12 
25.677 17.9214 18 
7.1321 19.7384 5 
26.3095 14.5404 12 
10.4326 24.5178 28 
3.9328 26.7189 20 
25.7322 15.6881 12 
14.1448 17.9214 8 
4.54 9.278 30 
5.2898 19.7545 5 
23.1355 15.9756 26 
4.8505 27.9793 20 
9.6276 24.3108 28 
9.3815 21.6796 21 
25.7184 23.9359 4 
4.8758 16.5598 31 
7.3138 11.6608 3 
27.5561 13.2133 12 
8.8617 21.4059 21 
27.4687 15.6329 18 
16.4103 14.3909 14 
25.8518 18.6183 18 
22.1994 11.6861 27 
16.845 10.6672 2 
22.296 6.0051 25 
11.8264 14.3656 17 
22.1603 28.483 7 
22.5743 8.5374 11 
16.8956 11.1065 2 
13.188 18.6183 8 
25.2653 6.2466 1 
10.6258 24.2096 28 
24.665 23.6208 4 
8.6455 16.5483 16 
4.0616 9.9979 30 
11.9644 14.2322 17 
6.1201 9.4137 30 
23.4782 15.7686 26 
27.9287 10.9938 6 
5.897 29.2558 20 
28.6003 17.8593 18 
17.098 13.5744 2 
21.8659 6.0028 25 
14.9452 8.7697 13 
9.1147 21.5784 21 
27.1375 22.4524 24 
10.4993 8.9307 19 
8.45 20.9804 21 
13.0109 7.9072 19 
26.0381 14.3242 12 
16.224 14.5174 14 
24.2855 24.2694 4 
25.8357 10.451 6 
23.3931 16.4655 26 
7.4311 18.3331 31 
21.5922 26.873 7 
13.3513 18.5585 8 
6.4398 27.1329 20 
11.6838 20.9045 10 
10.4027 23.6553 28 
11.3066 20.847 10 
28.1173 17.7259 18 
9.8185 14.6715 16 
24.0555 24.3729 4 
21.3852 19.5659 15 
15.5041 10.1865 13 
11.2537 20.6446 10 
8.9859 19.1082 21 
21.0241 27.0294 7 
13.464 19.3543 8 
10.9662 23.8646 28 
17.3924 14.6232 14 
18.3515 26.6476 9 
25.4148 27.2663 23 
7.3966 15.8928 16 
16.0952 9.6184 13 
20.1202 19.0737 15 
25.2607 27.3514 23 
3.8293 20.8424 5 
14.0666 26.9903 22 
11.3066 21.399 10 
15.7479 9.3424 13 
11.785 14.7888 17 
24.4649 5.7521 1 
13.8596 18.2733 8 
27.103 21.8475 24 
8.864 21.5117 21 
26.6936 28.1863 23 
11.2767 13.2064 17 
4.6872 11.7666 30 
5.4531 20.7067 5 
17.9651 12.5256 2 
8.1119 21.7785 21 
25.8242 6.7848 1 
25.8886 15.2695 12 
25.0215 6.564 1 
16.4632 10.658 2 
18.4642 11.7137 2 
8.3925 21.2242 21 
9.1584 20.9436 21 
8.7237 15.189 16 
5.897 17.3625 31 
17.6822 24.6949 9 
23.5472 8.9767 11 
7.2264 28.4278 20 
24.3545 24.4028 4 
7.6289 9.899 3 
6.0626 27.0731 20 
10.9938 8.7145 19 
13.464 18.4964 8 
26.3877 9.6989 6 
14.384 9.9542 13 
17.4752 24.6972 9 
10.8443 7.7301 19 
27.0317 14.4323 12 
26.5648 21.1506 24 
25.9139 23.2183 24 
9.6943 23.1999 21 
26.5648 15.603 12 
5.69 18.3952 5 
5.4117 11.0053 30 
23.7956 12.9327 27 
11.5021 21.606 10 
24.4925 23.7795 4 
26.5372 23.3103 24 
26.9857 10.5453 6 
14.6232 26.2865 22 
21.2081 27.0915 7 
21.6589 5.8602 25 
19.9385 18.1284 15 
7.5116 15.1522 16 
25.6103 7.6197 1 
24.6328 6.7503 1 
25.5597 13.9125 12 
11.4814 24.4327 28 
8.1993 9.7863 3 
23.0366 15.4144 26 
20.8401 5.6946 25 
4.5354 9.4436 30 
5.138 27.678 20 
27.2433 12.5624 6 
12.0081 21.7302 10 
17.0727 14.3242 14 
25.5367 27.8045 23 
27.4296 9.7426 6 
20.6975 19.8258 15 
15.3132 21.5485 29 
21.8843 16.0285 26 
17.2889 11.7873 2 
5.2737 10.98 30 
11.9943 8.7858 19 
23.8692 23.8531 4 
21.5301 27.517 7 
12.8338 18.2204 8 
5.3519 27.8413 20 
26.4061 14.5312 12 
7.8428 14.4507 16 
8.4316 15.2994 16 
23.5518 12.2174 27 
6.2121 17.9582 31 
5.7889 16.8933 31 
23.4253 10.8558 27 
26.4245 14.9176 12 
14.5289 8.7306 13 
11.0812 8.4523 19 
24.9065 26.6867 23 
24.6305 6.8354 1 
21.7072 15.5754 26 
13.8895 20.4261 8 
6.1316 9.3102 30 
18.3354 26.1554 9 
17.3096 11.1893 2 
26.4245 10.2923 6 
17.512 10.9915 2 
26.2221 21.675 24 
21.4864 19.7039 15 
27.3445 11.2123 6 
22.9377 16.6817 26 
8.1372 10.3015 3 
7.0309 16.73 31 
17.2567 25.24 9 
21.8774 5.2231 25 
24.32 28.0989 23 
18.8184 26.8086 9 
15.6858 21.1207 29 
8.8042 10.3015 3 
8.8295 10.4648 3 
11.762 13.4732 17 
13.7262 19.8465 8 
11.9759 20.5894 10 
14.6807 25.7828 22 
23.0159 5.9131 25 
11.0628 21.422 10 
21.6589 5.4646 25 
26.0634 14.7336 12 
8.8019 11.3342 3 
22.5812 5.0437 25 
23.952 17.282 26 
9.3884 15.2672 16 
8.059 14.476 16 
10.1405 23.2942 28 
7.4035 20.1777 21 
9.5333 21.3852 21 
16.1711 14.4208 14 
27.5883 22.0154 24 
21.9027 4.701 25 
26.0312 10.06 6 
22.2201 5.4071 25 
16.0032 8.6087 13 
27.7332 16.9968 18 
7.8934 11.3756 3 
20.3617 27.8666 7 
24.2487 27.5078 23 
25.8955 5.4393 1 
11.9943 21.9625 10 
24.5891 24.297 4 
23.837 24.8536 4 
12.6751 14.798 17 
5.2369 9.0848 30 
25.7092 15.0119 12 
11.67 8.5765 19 
15.5915 9.3033 13 
8.5489 21.6405 21 
22.4432 14.5703 26 
14.8233 26.2842 22 
25.884 27.9586 23 
10.4119 25.9737 28 
17.4384 12.2128 2 
16.1182 15.2534 14 
5.6463 18.9334 5 
20.7849 26.459 7 
14.3173 27.5768 22 
4.057 21.4519 5 
7.8014 22.0361 21 
5.9016 27.8045 20 
5.2254 28.5014 20 
23.3908 9.2251 11 
15.9871 21.9648 29 
24.6581 25.861 4 
14.1655 27.2617 22 
4.5676 19.9776 5 
19.9017 26.2589 7 
7.6427 22.1948 21 
27.3192 22.4041 24 
26.6246 21.2403 24 
23.1723 11.2399 27 
20.5296 27.6228 7 
12.6751 7.4955 19 
19.7936 19.3244 15 
5.184 20.5963 5 
13.4134 26.7672 22 
27.563 10.2739 6 
15.189 9.1975 13 
16.8749 11.5182 2 
8.2729 11.1157 3 
12.1806 22.2063 10 
6.3179 27.7286 20 
17.4844 25.5735 9 
11.8379 8.1648 19 
23.3655 15.718 26 
14.016 10.1267 13 
22.0315 12.2726 27 
13.464 27.5055 22 
10.6787 23.9934 28 
16.4149 14.8532 14 
21.2081 4.8758 25 
23.3218 12.659 27 
24.2441 27.6481 23 
17.8731 15.143 14 
18.0364 25.7552 9 
24.8191 6.1316 1 
26.3946 16.7967 12 
25.2883 22.1902 24 
8.3603 16.7024 16 
17.4913 10.428 2 
22.3673 13.2616 27 
23.3218 24.8766 4 
12.0955 12.8568 17 
22.1603 16.9531 26 
25.9208 17.8547 18 
15.3247 22.3926 29 
26.1048 26.1876 23 
27.6297 10.0209 6 
16.3597 17.1233 14 
14.4921 21.5531 29 
8.4155 9.7633 3 
22.0568 5.782 25 
26.8753 11.2882 6 
23.7197 23.4483 4 
19.2715 18.4504 15 
23.6116 16.8404 26 
14.6968 21.8751 29 
23.4759 16.8151 26 
5.1909 16.1458 31 
23.2482 9.738 11 
8.2614 15.2465 16 
25.8058 24.6328 4 
7.7462 15.2833 16 
25.9944 27.0202 23 
23.2206 6.8515 11 
20.7849 27.5446 7 
24.8421 9.3861 11 
16.2746 16.1412 14 
12.0794 8.5328 19 
3.5556 26.9305 20 
23.2689 6.0051 25 
18.0502 25.0261 9 
23.4 18.3929 26 
11.2031 20.6722 10 
23.1447 14.9705 26 
4.6159 10.1152 30 
15.7594 8.4017 13 
11.7666 21.4519 10 
6.6767 15.7387 31 
22.7974 10.7477 27 
11.4055 14.6439 17 
7.806 11.4975 3 
13.0017 6.6192 19 
8.6041 21.3622 21 
14.7819 26.643 22 
28.3542 16.6564 18 
25.1204 14.2299 12 
13.6273 18.4987 8 
15.6352 21.3944 29 
22.0499 11.9115 27 
23.3747 28.3703 23 
15.5961 25.0813 22 
27.4135 22.3443 24 
5.2484 17.6615 31 
7.6726 21.2334 21 
26.6131 11.5734 6 
24.0785 5.6693 1 
13.1765 14.6922 17 
9.5471 15.0165 16 
16.4287 25.2883 9 
24.1291 27.4181 23 
7.806 22.0729 21 
25.2009 24.711 4 
26.8661 10.6672 6 
20.2076 28.023 7 
5.6555 10.2969 30 
11.0973 13.1328 17 
5.1219 18.4274 31 
11.0904 14.6163 17 
26.9029 14.6439 12 
5.138 16.615 31 
18.3607 26.3762 9 
28.2415 18.3032 18 
16.6886 14.7198 14 
24.2441 11.5734 27 
20.9873 19.5958 15 
27.8666 29.2903 23 
22.1189 27.4618 7 
27.126 21.974 24 
7.5967 9.5241 3 
13.4272 17.9743 8 
6.9987 21.7693 5 
24.7478 7.783 11 
14.4622 19.5912 8 
8.8318 20.3847 21 
17.8708 25.2676 9 
21.583 3.7925 25 
6.0488 16.2102 31 
9.209 14.8049 16 
6.5456 16.6978 31 
27.2433 9.1561 6 
4.3353 10.1658 30 
23.722 7.9049 11 
10.9202 24.7708 28 
15.6421 14.1678 14 
17.5235 25.5919 9 
27.1214 18.2595 18 
5.5152 27.747 20 
22.9492 4.6412 25 
15.7617 14.3472 14 
26.6384 13.4042 12 
21.4841 28.1242 7 
9.0388 15.6697 16 
9.4781 14.5979 16 
5.0506 27.5699 20 
27.31 9.3401 6 
12.0357 7.5116 19 
6.8906 16.0952 31 
26.6154 17.7834 18 
18.3791 25.447 9 
7.8359 9.4965 3 
25.8587 5.2208 1 
26.6062 18.2963 18 
24.9571 28.4646 23 
11.3043 14.4553 17 
26.1577 9.5632 6 
19.8258 20.0972 15 
21.5347 5.2714 25 
26.367 10.3268 6 
9.715 9.9151 3 
11.9759 20.8769 10 
23.9543 11.5849 27 
10.129 14.4852 17 
12.4152 21.9395 10 
23.2988 16.385 26 
20.6814 26.8477 7 
11.1985 8.3442 19 
13.4548 26.758 22 
14.4691 25.2446 22 
25.677 5.9085 1 
11.6378 8.9629 19 
21.7555 15.4144 26 
10.4924 14.5266 17 
14.0459 26.3463 22 
18.2273 26.4452 9 
6.6974 20.0121 5 
8.8686 14.982 16 
27.2479 10.1842 6 
15.8353 21.6865 29 
22.7077 15.3845 26 
17.3464 25.2607 9 
9.669 20.2674 21 
20.8838 27.448 7 
8.1694 10.7868 3 
14.5657 23.1976 29 
8.6639 15.8514 16 
7.3575 10.3268 3 
23.308 11.0191 27 
4.7562 17.8777 31 
28.2622 18.8943 18 
23.2252 11.9989 27 
23.1953 8.6018 11 
8.1625 10.474 3 
5.0897 19.8902 5 
17.7558 12.1231 2 
11.3664 20.9275 10 
22.6985 16.7001 26 
25.9415 23.883 4 
23.3218 8.9468 11 
5.5267 27.0777 20 
16.0515 14.3081 14 
26.9213 11.9966 6 
9.0411 8.5466 19 
26.6729 17.3441 18 
28.092 22.8411 24 
8.7168 14.2437 16 
25.4746 13.809 12 
17.6201 24.5845 9 
9.1814 24.9732 28 
6.8492 28.3956 20 
25.9599 28.5796 23 
12.9925 21.3714 10 
21.7233 6.5387 25 
22.0131 8.3603 11 
24.4649 7.2471 1 
12.1415 15.4742 17 
8.0268 20.3249 21 
22.4133 8.4132 11 
5.9269 27.8781 20 
28.1426 21.4956 24 
27.2249 5.5727 1 
28.621 16.4632 18 
14.0919 26.0703 22 
10.0048 21.4542 21 
25.148 5.9292 1 
10.2762 24.6512 28 
16.2723 9.1032 13 
6.1132 16.0446 31 
23.5725 9.2803 11 
26.0749 14.5151 12 
17.1877 11.9828 2 
5.4876 10.7247 30 
26.7557 8.8387 6 
13.9907 25.6471 22 
22.2707 5.5773 25 
26.9443 10.865 6 
25.7437 6.3179 1 
9.9634 7.8497 19 
11.0329 7.3391 19 
18.9219 18.2756 15 
12.5693 14.338 17 
12.6613 21.0356 10 
10.9064 7.2655 19 
21.1575 26.7005 7 
19.7246 19.8971 15 
14.0873 28.6118 22 
27.4986 10.4234 6 
26.459 22.4087 24 
22.641 8.4362 11 
14.3679 25.861 22 
13.8849 18.8621 8 
4.9839 19.5705 5 
26.0473 13.2018 12 
10.2233 7.576 19 
11.2859 8.082 19 
22.3397 16.0078 26 
14.0804 27.5331 22 
8.0314 9.5678 3 
4.6596 10.2854 30 
18.2388 11.4676 2 
23.0895 16.3666 26 
25.9139 17.949 18 
27.1812 6.2972 1 
26.0036 25.7782 4 
28 10.8903 6 
20.4514 27.2134 7 
11.831 21.7072 10 
15.2074 28.1196 22 
25.2377 9.7081 6 
15.971 9.623 13 
21.2541 22.0591 15 
16.4172 9.14 13 
27.1398 16.4471 18 
22.4455 11.9138 27 
5.9775 21.4726 5 
16.5621 9.5034 13 
24.5316 23.8071 4 
3.9604 21.5669 5 
15.7985 13.7998 14 
20.0788 26.6177 7 
20.1478 18.3768 15 
10.1796 22.3167 28 
18.5654 25.6862 9 
15.6881 26.9742 22 
24.8559 27.1191 23 
3.6499 20.364 5 
23.8025 26.9719 23 
10.7776 24.4902 28 
16.086 14.8785 14 
24.8973 7.1919 1 
26.6154 11.6355 6 
7.6979 10.1405 3 
22.135 5.9821 25 
27.5032 18.3975 18 
15.8882 22.595 29 
15.879 20.4192 29 
28.5014 21.9326 24 
6.5134 21.4151 5 
6.1086 27.885 20 
11.3641 15.1913 17 
7.8359 22.7031 21 
28.6693 17.4775 18 
23.1194 5.621 25 
9.4344 12.3485 3 
6.3409 17.7857 31 
23.4299 25.0652 4 
26.1071 13.4548 12 
22.1465 8.4339 11 
22.4639 11.3641 27 
14.844 22.0729 29 
17.5948 11.3848 2 
24.1981 10.8604 27 
20.9988 5.2645 25 
10.1773 24.7271 28 
25.6356 5.6371 1 
9.8162 23.8945 28 
12.8223 21.0218 10 
25.6678 23.6599 4 
13.9999 21.6474 29 
16.1205 8.9905 13 
15.6398 11.2284 2 
12.1714 20.7826 10 
18.8759 25.3987 9 
7.668 20.3916 21 
25.6954 5.9867 1 
24.4626 9.0089 11 
8.6317 21.1184 21 
18.5125 11.8425 2 
16.6932 10.5361 13 
16.7415 11.8793 2 
16.845 12.9235 2 
7.8888 15.1039 16 
9.209 11.0467 3 
14.9268 10.3843 13 
16.5897 26.1462 9 
9.4505 22.1787 21 
27.2732 19.5176 18 
9.1584 10.8535 3 
27.2387 22.3006 24 
22.6571 5.2806 25 
13.901 18.1997 8 
6.2052 15.6674 31 
23.2206 26.8247 7 
10.9639 24.964 28 
23.0182 27.5423 7 
8.1602 20.7389 21 
26.482 9.6644 6 
14.5105 16.8519 8 
13.1627 26.8454 22 
12.6498 18.5792 8 
25.8242 14.6485 12 
16.6679 14.5841 14 
14.0781 17.9214 8 
25.2952 27.057 23 
23.3057 8.0613 11 
22.7606 11.4193 27 
21.9579 11.3549 27 
28.7268 26.7212 23 
27.0386 15.8077 18 
14.223 18.0019 8 
26.5119 22.5099 24 
17.0083 14.1011 14 
28.3933 16.822 18 
22.457 11.3158 27 
22.0683 17.2797 26 
27.2571 22.6479 24 
6.1868 19.2324 5 
5.2875 10.1497 30 
14.8003 22.2086 29 
9.3838 21.2357 21 
5.7222 9.7472 30 
18.8184 25.0537 9 
14.9429 21.4496 29 
9.4045 16.2194 16 
9.5218 14.8164 16 
27.563 16.9324 18 
23.1056 27.724 7 
20.6791 26.9512 7 
22.894 15.2833 26 
15.3431 15.4167 14 
15.0487 22.5398 29 
26.8201 19.0576 18 
21.4772 27.4848 7 
25.7897 17.7328 18 
17.8041 11.7022 2 
12.7717 21.0057 10 
16.661 16.3896 14 
4.4756 20.2766 5 
8.4914 10.2233 3 
19.7821 20.2237 15 
11.8862 20.8746 10 
8.3787 14.6278 16 
26.551 17.6247 18 
5.9016 20.1225 5 
28.046 18.0456 18 
8.6133 14.0459 16 
12.6268 19.7108 8 
26.1416 28.5451 23 
20.6262 18.9932 15 
16.9669 8.519 13 
25.8679 22.0039 24 
25.4953 24.9893 4 
15.2672 21.422 29 
13.9631 27.5032 22 
9.3125 15.1016 16 
11.9966 7.7669 19 
26.0772 28.7268 23 
15.3086 14.89 14 
11.762 13.9447 17 
22.9308 13.2455 27 
16.431 15.5317 14 
14.4185 9.3102 13 
15.9595 9.3562 13 
18.0433 25.8334 9 
11.6769 21.4151 10 
26.2198 5.7337 1 
17.6523 11.509 2 
22.1672 26.9926 7 
14.3242 26.6568 22 
25.7805 15.212 12 
15.1729 9.4965 13 
24.7593 24.366 4 
14.4737 26.8224 22 
8.6593 21.0011 21 
22.3282 5.3519 25 
8.0567 14.7428 16 
24.0486 25.4286 4 
21.2794 27.6389 7 
9.2274 14.8233 16 
8.7766 15.3868 16 
20.042 20.1915 15 
8.2085 9.9634 3 
27.1306 6.9573 1 
11.7275 7.484 19 
6.6813 27.5607 20 
11.7459 14.154 17 
11.1134 7.2264 19 
9.4689 23.4667 28 
14.7451 24.9019 22 
27.6228 15.2741 12 
24.826 15.2971 12 
17.9421 11.8057 2 
13.786 18.5217 8 
22.7537 5.5934 25 
14.6439 11.1433 13 
13.9125 10.6741 13 
21.3415 13.1121 27 
14.7359 27.4825 22 
8.8249 9.9335 3 
28.2898 17.9536 18 
18.041 25.7575 9 
5.2116 27.6941 20 
6.4214 20.571 5 
27.9632 16.0469 18 
7.0355 19.6073 5 
10.7408 14.5588 17 
23.5955 5.3795 25 
21.5416 16.1021 26 
26.4567 29.012 23 
23.2919 5.1196 25 
20.6998 20.7688 15 
6.0879 16.1205 31 
11.6562 14.9843 17 
22.8641 13.142 27 
9.6184 25.3987 28 
12.6291 22.0752 10 
12.4221 20.8056 10 
26.942 22.342 24 
16.27 14.8532 14 
16.9853 12.3186 2 
25.562 15.1476 12 
22.5375 15.9664 26 
21.215 27.241 7 
11.9414 14.6255 17 
16.1297 22.1419 29 
4.5906 19.3014 5 
19.9523 18.8046 15 
26.4084 14.6163 12 
20.962 27.2042 7 
24.8122 9.2941 11 
23.9129 8.5489 11 
25.746 11.4331 6 
11.5182 15.2626 17 
21.3921 19.0691 15 
16.2838 8.841 13 
23.2712 12.3209 27 
21.6865 12.2335 27 
21.468 27.3652 7 
6.2696 27.3215 20 
15.8215 22.1373 29 
22.9722 10.1681 11 
19.7016 17.9766 15 
21.5485 27.747 7 
15.4466 14.9981 14 
23.607 12.1553 27 
15.6421 21.5025 29 
23.5702 8.0889 11 
24.9824 14.9774 12 
23.2873 23.1148 4 
25.2722 6.8676 1 
26.1876 22.9998 24 
22.7123 12.0771 27 
16.1297 8.9146 13 
5.6394 17.9766 31 
16.6196 15.0165 14 
4.7378 10.6833 30 
9.5149 25.0882 28 
24.1935 8.6018 11 
16.1343 21.1414 29 
13.4571 21.1851 10 
18.4941 12.5877 2 
15.3868 26.2612 22 
22.5099 12.1093 27 
21.2679 19.1979 15 
7.4081 9.8001 3 
22.4938 11.4699 27 
15.1269 20.4468 29 
12.8384 18.984 8 
11.3181 14.6347 17 
5.092 27.5538 20 
20.2053 27.6596 7 
21.2541 5.5934 25 
23.2252 29.2466 23 
8.1717 9.0687 3 
17.5557 11.2123 2 
16.6265 15.0855 14 
25.6517 23.9451 4 
12.3209 18.0111 8 
17.9628 10.4625 2 
23.4851 8.3074 11 
15.4811 9.5816 13 
26.7373 4.4756 1 
17.6086 11.7206 2 
21.8199 5.8234 25 
15.2948 14.7658 14 
21.7785 7.1482 11 
25.102 25.3205 4 
8.4086 15.7893 16 
15.7594 9.6828 13 
17.3349 15.1798 14 
19.6763 19.8626 15 
14.2276 27.4802 22 
13.4801 27.5791 22 
25.4286 28.0506 23 
7.8428 9.9703 3 
22.6755 4.6021 25 
23.745 27.4066 23 
23.8577 11.8126 27 
10.4395 24.0164 28 
15.1269 21.6566 29 
4.6665 20.4514 5 
8.9238 20.2444 21 
24.2717 27.6274 23 
26.5855 10.1451 6 
21.8544 11.164 27 
15.6306 9.2182 13 
4.7677 20.5503 5 
8.6225 22.2132 21 
22.7399 11.5044 27 
13.901 25.7368 22 
25.4033 22.7284 24 
21.4588 27.4227 7 
10.1313 25.0284 28 
9.8024 23.9704 28 
21.6175 27.5538 7 
8.0475 20.0328 21 
11.0122 25.0905 28 
7.7324 9.5954 3 
25.6195 29.8538 23 
25.7529 5.1564 1 
22.273 27.7723 7 
25.7414 28.1334 23 
29.5939 9.738 6 
21.8268 26.7649 7 
17.9191 25.4401 9 
11.5274 15.1131 17 
6.2144 9.8277 30 
15.5938 8.5144 13 
10.819 24.8168 28 
27.3123 10.2532 6 
4.7217 16.0055 31 
16.0952 14.3633 14 
8.8364 20.7849 21 
11.5527 13.8734 17 
16.6564 9.9243 13 
5.2576 27.5492 20 
25.7989 14.6715 12 
8.795 15.1867 16 
21.8705 4.1858 25 
11.6033 19.4785 10 
27.6757 9.5816 6 
10.3958 23.4368 28 
26.9305 22.4064 24 
9.6368 21.6888 21 
26.6108 22.1097 24 
22.6525 28.1564 7 
18.3124 11.6631 2 
11.7344 14.1402 17 
16.7806 14.6163 14 
20.7849 20.4767 15 
17.9076 24.964 9 
26.8132 17.7052 18 
7.737 10.3613 3 
13.5192 17.5327 8 
24.0601 27.1904 23 
13.8412 26.2428 22 
19.6832 19.0139 15 
24.6535 6.2443 1 
16.3896 8.588 13 
21.4519 4.701 25 
12.2542 15.0901 17 
17.3441 15.2258 14 
21.1506 20.1294 15 
23.0918 15.3592 26 
8.6754 19.7982 21 
22.2868 10.52 27 
22.3075 26.2497 7 
10.8075 7.3046 19 
26.3026 6.7802 1 
23.9359 23.8347 4 
20.364 18.2457 15 
15.4489 20.9597 29 
23.9037 7.9808 11 
6.0626 17.0865 31 
19.4256 19.306 15 
7.783 14.775 16 
5.4117 17.0819 31 
5.2576 10.957 30 
26.6545 22.6042 24 
20.502 27.0478 7 
24.8007 4.4158 1 
5.8993 27.2824 20 
26.965 15.0717 12 
15.81 21.2794 29 
25.9668 25.079 4 
27.3698 10.2279 6 
17.8018 26.7097 9 
7.5645 8.8824 3 
5.7337 20.502 5 
20.3709 6.0534 25 
18.4527 11.2468 2 
9.1538 21.7509 21 
27.8942 10.4786 6 
21.2311 27.0984 7 
16.2171 15.0303 14 
16.9163 11.4929 2 
18.0042 25.8012 9 
24.1475 26.689 4 
24.7708 6.7572 1 
9.9611 24.4396 28 
12.0679 20.8286 10 
5.644 10.6327 30 
14.3909 22.1925 29 
25.8311 18.0295 18 
9.2021 11.0076 3 
13.3881 26.1278 22 
15.5386 9.8139 13 
8.8272 11.0283 3 
22.158 6.104 25 
7.9923 19.4601 21 
14.3587 18.225 8 
13.027 18.3561 8 
25.1894 5.4991 1 
9.9082 24.849 28 
10.8949 9.9036 19 
21.997 10.8144 27 
5.7498 20.6883 5 
7.7945 10.8995 3 
8.1257 15.3546 16 
23.3632 10.0255 11 
22.6042 8.8387 11 
26.7051 11.9782 6 
19.3865 20.4192 15 
13.349 18.2342 8 
12.3117 13.7078 17 
18.4343 12.4474 2 
4.3583 9.3102 30 
20.18 21.3277 15 
20.1501 7.231 25 
10.7086 15.4696 17 
24.0417 11.7804 27 
14.2598 26.0105 22 
12.6222 21.6175 10 
11.3802 8.4086 19 
21.6865 12.0403 27 
14.3909 21.7141 29 
27.7884 18.3492 18 
10.1244 25.0031 28 
9.071 10.2187 3 
16.0354 23.2482 29 
27.3606 24.0371 24 
26.3095 15.8422 12 
21.1805 19.2531 15 
15.4558 8.45 13 
22.3236 8.1556 11 
22.9308 16.0814 26 
27.1628 16.73 18 
17.1026 13.1719 2 
11.1778 14.3702 17 
9.8783 19.5567 21 
16.5644 21.0103 29 
5.2323 10.198 30 
11.9966 21.4105 10 
22.4202 29.104 7 
9.6713 20.6906 21 
15.051 19.007 8 
20.3847 19.1197 15 
4.7194 9.5149 30 
26.3118 14.5427 12 
8.8916 14.6968 16 
27.9471 11.1686 6 
25.0422 23.0872 24 
21.123 19.1059 15 
19.7798 20.1915 15 
16.4954 9.3907 13 
21.6336 12.2312 27 
23.7772 9.6345 11 
11.5849 9.7656 19 
24.8375 27.8896 23 
25.4194 26.6568 23 
8.933 13.9286 16 
11.5481 21.9809 10 
4.2042 20.9942 5 
15.9664 9.991 13 
13.3375 21.8245 10 
10.681 22.3397 10 
25.8196 21.0839 24 
20.2007 27.0363 7 
13.9079 9.0181 13 
4.632 11.6723 30 
23.0366 15.6743 26 
7.9624 16.04 16 
27.0225 22.4984 24 
16.1734 15.2212 14 
6.9849 17.1785 31 
25.2032 28.3381 23 
16.5874 23.3931 29 
24.5362 16.9117 12 
24.8375 6.7871 11 
17.9697 26.8017 9 
11.509 8.7743 19 
5.4324 27.5009 20 
8.4201 19.6993 21 
22.365 11.8701 27 
13.0615 26.965 22 
13.7101 26.5119 22 
25.0238 6.2742 1 
11.4653 20.9689 10 
4.8321 28.1035 20 
4.8091 9.6529 30 
15.5662 22.6916 29 
17.8432 25.9622 9 
12.3025 7.9969 19 
21.1805 26.8638 7 
26.7488 16.0814 18 
4.9402 27.2088 20 
15.6099 8.8709 13 
4.3974 8.7605 30 
20.5089 19.2945 15 
26.4199 24.7225 4 
12.6866 22.0131 10 
25.2998 13.5905 12 
25.608 15.7548 12 
12.291 21.1368 10 
8.9169 19.8419 21 
4.8068 8.1395 30 
26.4774 7.7416 1 
22.0062 11.5826 27 
12.9718 15.3362 17 
4.8758 10.9915 30 
12.4175 13.3053 17 
27.7194 13.7998 12 
21.3829 8.8571 11 
5.897 28.5336 20 
18.1422 11.9966 2 
4.8781 10.2095 30 
10.6051 6.9044 19 
21.8774 27.241 7 
27.0432 21.9487 24 
8.7766 14.7336 16 
24.941 5.0184 1 
26.0243 7.5576 1 
10.6741 8.4684 19 
11.7413 22.1488 10 
16.7944 14.453 14 
28.0161 16.8726 18 
13.1742 26.9213 22 
16.0768 17.0313 14 
26.4291 10.3912 6 
9.5954 9.1469 3 
16.9738 9.439 13 
26.0726 10.911 6 
11.4515 14.3495 17 
23.2321 12.0426 27 
13.188 22.3167 10 
24.6282 23.423 4 
8.9008 16.017 16 
5.4623 19.306 5 
11.6999 21.0356 10 
25.7736 27.4549 23 
6.3064 16.8243 31 
8.4132 21.1115 21 
22.411 12.2703 27 
7.8106 11.3227 3 
26.5671 21.33 24 
11.0122 25.3412 28 
24.6236 6.1178 1 
20.6837 19.8695 15 
27.885 16.4747 18 
14.3127 25.9645 22 
22.5421 5.874 25 
20.341 5.5658 25 
27.0524 17.6385 18 
21.7739 4.0938 25 
12.9925 20.2927 8 
18.3952 24.6719 9 
8.9951 9.5678 3 
25.4309 27.8873 23 
24.4166 28.5175 23 
27.3077 9.2964 6 
20.5687 27.4618 7 
13.2363 26.1554 22 
24.5431 28.6923 23 
24.5776 27.8206 23 
5.5267 16.0883 31 
8.6915 20.3778 21 
16.0676 10.8121 2 
24.4787 17.9421 26 
17.0336 25.3665 9 
13.0983 20.8539 10 
22.2431 5.3795 25 
9.8829 8.772 19 
22.6019 29.4513 7 
10.1221 15.1177 16 
13.0477 26.8408 22 
9.0641 21.8015 21 
13.6963 18.7977 8 
13.487 22.089 10 
19.7683 19.9868 15 
3.8776 10.9777 30 
15.2971 14.6715 14 
13.5238 18.1077 8 
15.7594 21.7693 29 
6.2673 26.8638 20 
6.1753 20.4284 5 
8.9261 14.6508 16 
14.1195 25.7161 22 
18.0272 12.6176 2 
24.7984 24.4787 4 
10.6695 14.2506 17 
17.8685 26.7718 9 
11.3526 23.5058 28 
13.0454 19.0346 8 
5.644 28.0621 20 
22.0637 27.8965 7 
20.7504 5.2898 25 
6.2604 26.6361 20 
6.0465 17.5051 31 
20.1777 19.1933 15 
26.321 22.0292 24 
25.4838 7.0148 1 
4.2272 10.2279 30 
14.5358 22.388 29 
5.7498 16.5069 31 
24.8191 25.0031 23 
27.2824 21.4749 24 
25.6103 13.9378 12 
5.5566 27.0041 20 
11.4906 21.7026 10 
5.9729 27.9908 20 
13.1466 19.1312 8 
14.568 25.7483 22 
18.0318 25.1572 9 
18.2457 13.0201 2 
20.6837 20.3916 15 
9.0733 21.3852 21 
7.645 14.9452 16 
26.4498 6.6997 1 
14.1839 26.3417 22 
25.3849 29.4375 23 
12.498 14.5036 17 
11.7321 7.7577 19 
25.0675 24.4925 4 
11.8356 15.4719 17 
7.5116 22.5421 21 
20.7987 27.1421 7 
4.9172 20.7688 5 
8.8134 14.2644 16 
13.7906 26.2635 22 
10.5522 22.9055 28 
10.8374 14.2989 17 
25.7368 9.7403 6 
23.8209 8.1464 11 
14.9314 9.9887 13 
22.4432 11.1341 27 
16.5874 22.4708 29 
12.9051 25.7805 22 
4.7447 26.8132 20 
14.6761 7.898 13 
12.0725 13.3904 17 
23.1792 5.0713 25 
6.081 10.1612 30 
9.1584 15.3247 16 
19.5222 27.5147 7 
27.2157 23.9359 24 
18.1169 24.5063 9 
21.3185 5.9177 25 
24.3338 5.1679 1 
23.9451 10.2923 27 
24.0946 24.4672 4 
24.6052 14.9958 12 
13.4939 18.3193 8 
17.3303 26.1738 9 
19.2899 20.0949 15 
7.3414 16.8197 31 
15.1177 27.7953 22 
16.2401 21.6934 29 
25.4976 25.1802 23 
22.2224 4.6734 25 
25.5137 6.357 1 
22.4915 11.7137 27 
26.7718 5.5336 1 
21.1368 28.2576 7 
28.1035 21.3898 24 
10.3567 24.3154 28 
24.0946 27.0938 23 
16.3459 8.5696 13 
13.3628 19.2853 8 
27.0478 10.2854 6 
6.0672 19.8695 5 
7.9509 20.6975 21 
15.2925 16.4195 14 
16.7392 11.0306 2 
13.4985 27.1513 22 
5.0069 20.8263 5 
18.0387 25.5459 9 
17.0428 11.3595 2 
22.2155 12.1599 27 
16.3551 9.9703 13 
13.855 26.6223 22 
22.0729 5.2691 25 
26.0404 23.8761 4 
4.6619 10.4648 30 
21.7831 26.7511 7 
8.4086 20.6354 21 
16.2378 13.8435 14 
26.5441 17.3441 18 
10.819 23.8324 28 
20.5572 19.3589 15 
19.3957 21.2173 15 
10.4924 8.8686 19 
22.1925 6.4467 25 
4.1904 21.2265 5 
12.4267 21.1414 10 
26.7741 8.8272 6 
24.5914 5.8004 1 
13.9562 19.5935 8 
23.722 11.7367 27 
25.4999 5.6739 1 
17.9237 11.5573 2 
23.0481 16.5184 26 
11.1594 21.445 10 
6.1247 10.6741 30 
14.7727 26.4866 22 
16.4793 14.9981 14 
15.8468 22.8572 29 
6.012 19.7706 5 
14.5174 22.7054 29 
27.4043 17.0865 18 
21.813 7.0953 25 
18.9403 11.6999 2 
21.3047 25.7023 7 
15.6536 13.4456 14 
17.9306 12.1898 2 
14.3587 26.7994 22 
14.5542 26.1278 22 
22.9584 15.0786 26 
9.9749 20.5388 21 
25.3918 13.9976 12 
17.5419 11.8885 2 
24.2257 16.0354 26 
9.2435 10.6212 3 
6.7848 21.0448 5 
26.6775 21.4588 24 
16.8312 8.5719 13 
12.8177 22.1994 10 
20.939 20.3341 15 
14.8877 21.9073 29 
12.6107 14.959 17 
24.9134 24.6052 4 
8.1671 15.3362 16 
24.4649 14.5496 12 
12.3071 20.9252 10 
11.0766 23.8715 28 
18.4067 26.4038 9 
26.1807 15.2396 12 
21.1506 28.1633 7 
19.6694 19.9776 15 
21.4519 3.8776 25 
22.0315 11.5297 27 
7.6726 22.1212 21 
18.8276 19.4279 15 
18.6091 25.4884 9 
26.2957 15.5087 12 
6.6882 16.2424 31 
5.4232 27.2709 20 
15.8629 18.0272 8 
7.1413 10.3981 3 
24.8513 23.4322 4 
4.563 10.7086 30 
22.8687 15.1568 26 
14.982 21.0034 29 
21.4519 26.85 7 
23.1677 12.3209 27 
21.5646 20.4031 15 
17.0773 26.3302 9 
25.2285 4.7447 1 
7.8267 15.35 16 
16.2171 25.4562 9 
21.2311 5.9867 25 
9.2136 13.7607 16 
11.5688 15.649 17 
5.253 16.8128 31 
13.717 18.7103 8 
11.6171 15.718 17 
5.6256 21.2702 5 
24.3637 26.8707 23 
4.9126 10.589 30 
20.2007 25.7138 9 
19.1335 26.298 9 
20.7021 19.7545 15 
4.5653 10.566 30 
22.5904 8.4201 11 
26.5349 21.9763 24 
5.8878 16.3781 31 
11.1755 25.9967 28 
20.6423 20.226 15 
27.1881 17.6339 18 
27.0018 14.8417 12 
26.068 14.4392 12 
25.1158 6.1914 1 
12.8499 19.0645 8 
23.1378 15.9181 26 
16.2309 14.7497 14 
12.4382 8.5857 19 
24.3154 24.2188 4 
25.5275 4.9333 1 
27.7447 16.8749 18 
5.4899 17.2774 31 
15.0556 9.4896 13 
11.1134 21.4335 10 
22.5651 6.0718 25 
26.3693 22.6318 24 
14.6945 8.6938 13 
